[[landmarks]]
name = "Welly"
lat = -41.28664
lon = 174.77557
elevation = 10.0
